idx,neo_t,neo_S,neo_N,neo_C,eva_t,eva_S,eva_N,eva_C
0,0,0.3333333333333333,0.3333333333333333,0.3333333333333333,0,0.3333333333333333,0.3333333333333333,0.3333333333333333
1,1,0.3333333333333333,0.3333333333333333,0.3333333333333333,1,0.3333333333333333,0.3333333333333333,0.3333333333333333
2,2,0.3333333333333333,0.3333333333333333,0.3333333333333333,2,0.3333333333333333,0.3333333333333333,0.3333333333333333
3,3,0.3333333333333333,0.3333333333333333,0.3333333333333333,3,0.3333333333333333,0.3333333333333333,0.3333333333333333
4,4,0.3333333333333333,0.3333333333333333,0.3333333333333333,4,0.3333333333333333,0.3333333333333333,0.3333333333333333
5,5,0.3333333333333333,0.3333333333333333,0.3333333333333333,5,0.3333333333333333,0.3333333333333333,0.3333333333333333
6,6,0.3333333333333333,0.3333333333333333,0.3333333333333333,6,0.3333333333333333,0.3333333333333333,0.3333333333333333
7,7,0.3333333333333333,0.3333333333333333,0.3333333333333333,7,0.3333333333333333,0.3333333333333333,0.3333333333333333
8,8,0.3333333333333333,0.3333333333333333,0.3333333333333333,8,0.3333333333333333,0.3333333333333333,0.3333333333333333
9,9,0.3333333333333333,0.3333333333333333,0.3333333333333333,9,0.3333333333333333,0.3333333333333333,0.3333333333333333
10,10,0.3333333333333333,0.3333333333333333,0.3333333333333333,10,0.3333333333333333,0.3333333333333333,0.3333333333333333
11,11,0.3333333333333333,0.3333333333333333,0.3333333333333333,11,0.3333333333333333,0.3333333333333333,0.3333333333333333
12,12,0.3333333333333333,0.3333333333333333,0.3333333333333333,12,0.3333333333333333,0.3333333333333333,0.3333333333333333
13,13,0.3333333333333333,0.3333333333333333,0.3333333333333333,13,0.3333333333333333,0.3333333333333333,0.3333333333333333
14,14,0.3333333333333333,0.3333333333333333,0.3333333333333333,14,0.3333333333333333,0.3333333333333333,0.3333333333333333
15,15,0.3333333333333333,0.3333333333333333,0.3333333333333333,15,0.3333333333333333,0.3333333333333333,0.3333333333333333
16,16,0.3333333333333333,0.3333333333333333,0.3333333333333333,16,0.3333333333333333,0.3333333333333333,0.3333333333333333
17,17,0.3333333333333333,0.3333333333333333,0.3333333333333333,17,0.3333333333333333,0.3333333333333333,0.3333333333333333
18,18,0.3333333333333333,0.3333333333333333,0.3333333333333333,18,0.3333333333333333,0.3333333333333333,0.3333333333333333
19,19,0.3333333333333333,0.3333333333333333,0.3333333333333333,19,0.3333333333333333,0.3333333333333333,0.3333333333333333
20,20,0.3333333333333333,0.3333333333333333,0.3333333333333333,20,0.3333333333333333,0.3333333333333333,0.3333333333333333
21,21,0.3333333333333333,0.3333333333333333,0.3333333333333333,21,0.3333333333333333,0.3333333333333333,0.3333333333333333
22,22,0.3333333333333333,0.3333333333333333,0.3333333333333333,22,0.3333333333333333,0.3333333333333333,0.3333333333333333
23,23,0.3333333333333333,0.3333333333333333,0.3333333333333333,23,0.3333333333333333,0.3333333333333333,0.3333333333333333
24,24,0.3333333333333333,0.3333333333333333,0.3333333333333333,24,0.3333333333333333,0.3333333333333333,0.3333333333333333
25,25,0.3333333333333333,0.3333333333333333,0.3333333333333333,25,0.3333333333333333,0.3333333333333333,0.3333333333333333
26,26,0.3333333333333333,0.3333333333333333,0.3333333333333333,26,0.3333333333333333,0.3333333333333333,0.3333333333333333
27,27,0.3333333333333333,0.3333333333333333,0.3333333333333333,27,0.3333333333333333,0.3333333333333333,0.3333333333333333
28,28,0.3333333333333333,0.3333333333333333,0.3333333333333333,28,0.3333333333333333,0.3333333333333333,0.3333333333333333
29,29,0.3333333333333333,0.3333333333333333,0.3333333333333333,29,0.3333333333333333,0.3333333333333333,0.3333333333333333
30,30,0.3333333333333333,0.3333333333333333,0.3333333333333333,30,0.3333333333333333,0.3333333333333333,0.3333333333333333
31,31,0.3333333333333333,0.3333333333333333,0.3333333333333333,31,0.3333333333333333,0.3333333333333333,0.3333333333333333
32,32,0.3333333333333333,0.3333333333333333,0.3333333333333333,32,0.3333333333333333,0.3333333333333333,0.3333333333333333
33,33,0.3333333333333333,0.3333333333333333,0.3333333333333333,33,0.3333333333333333,0.3333333333333333,0.3333333333333333
34,34,0.3333333333333333,0.3333333333333333,0.3333333333333333,34,0.3333333333333333,0.3333333333333333,0.3333333333333333
35,35,0.3333333333333333,0.3333333333333333,0.3333333333333333,35,0.3333333333333333,0.3333333333333333,0.3333333333333333
36,36,0.3333333333333333,0.3333333333333333,0.3333333333333333,36,0.3333333333333333,0.3333333333333333,0.3333333333333333
37,37,0.3333333333333333,0.3333333333333333,0.3333333333333333,37,0.3333333333333333,0.3333333333333333,0.3333333333333333
38,38,0.3333333333333333,0.3333333333333333,0.3333333333333333,38,0.3333333333333333,0.3333333333333333,0.3333333333333333
39,39,0.3333333333333333,0.3333333333333333,0.3333333333333333,39,0.3333333333333333,0.3333333333333333,0.3333333333333333
40,40,0.3333333333333333,0.3333333333333333,0.3333333333333333,40,0.3333333333333333,0.3333333333333333,0.3333333333333333
41,41,0.3333333333333333,0.3333333333333333,0.3333333333333333,41,0.3333333333333333,0.3333333333333333,0.3333333333333333
42,42,0.3333333333333333,0.3333333333333333,0.3333333333333333,42,0.3333333333333333,0.3333333333333333,0.3333333333333333
43,43,0.3333333333333333,0.3333333333333333,0.3333333333333333,43,0.3333333333333333,0.3333333333333333,0.3333333333333333
44,44,0.3333333333333333,0.3333333333333333,0.3333333333333333,44,0.3333333333333333,0.3333333333333333,0.3333333333333333
45,45,0.3333333333333333,0.3333333333333333,0.3333333333333333,45,0.3333333333333333,0.3333333333333333,0.3333333333333333
46,46,0.3333333333333333,0.3333333333333333,0.3333333333333333,46,0.3333333333333333,0.3333333333333333,0.3333333333333333
47,47,0.3333333333333333,0.3333333333333333,0.3333333333333333,47,0.3333333333333333,0.3333333333333333,0.3333333333333333
48,48,0.3333333333333333,0.3333333333333333,0.3333333333333333,48,0.3333333333333333,0.3333333333333333,0.3333333333333333
49,49,0.3333333333333333,0.3333333333333333,0.3333333333333333,49,0.3333333333333333,0.3333333333333333,0.3333333333333333
50,50,0.3333333333333333,0.3333333333333333,0.3333333333333333,50,0.3333333333333333,0.3333333333333333,0.3333333333333333
51,51,0.3333333333333333,0.3333333333333333,0.3333333333333333,51,0.3333333333333333,0.3333333333333333,0.3333333333333333
52,52,0.3333333333333333,0.3333333333333333,0.3333333333333333,52,0.3333333333333333,0.3333333333333333,0.3333333333333333
53,53,0.3333333333333333,0.3333333333333333,0.3333333333333333,53,0.3333333333333333,0.3333333333333333,0.3333333333333333
54,54,0.3333333333333333,0.3333333333333333,0.3333333333333333,54,0.3333333333333333,0.3333333333333333,0.3333333333333333
55,55,0.3333333333333333,0.3333333333333333,0.3333333333333333,55,0.3333333333333333,0.3333333333333333,0.3333333333333333
56,56,0.3333333333333333,0.3333333333333333,0.3333333333333333,56,0.3333333333333333,0.3333333333333333,0.3333333333333333
57,57,0.3333333333333333,0.3333333333333333,0.3333333333333333,57,0.3333333333333333,0.3333333333333333,0.3333333333333333
58,58,0.3333333333333333,0.3333333333333333,0.3333333333333333,58,0.3333333333333333,0.3333333333333333,0.3333333333333333
59,59,0.3333333333333333,0.3333333333333333,0.3333333333333333,59,0.3333333333333333,0.3333333333333333,0.3333333333333333
60,60,0.3333333333333333,0.3333333333333333,0.3333333333333333,60,0.3333333333333333,0.3333333333333333,0.3333333333333333
61,61,0.3333333333333333,0.3333333333333333,0.3333333333333333,61,0.3333333333333333,0.3333333333333333,0.3333333333333333
62,62,0.3333333333333333,0.3333333333333333,0.3333333333333333,62,0.3333333333333333,0.3333333333333333,0.3333333333333333
63,63,0.3333333333333333,0.3333333333333333,0.3333333333333333,63,0.3333333333333333,0.3333333333333333,0.3333333333333333
64,64,0.3333333333333333,0.3333333333333333,0.3333333333333333,64,0.3333333333333333,0.3333333333333333,0.3333333333333333
65,65,0.3333333333333333,0.3333333333333333,0.3333333333333333,65,0.3333333333333333,0.3333333333333333,0.3333333333333333
66,66,0.3333333333333333,0.3333333333333333,0.3333333333333333,66,0.3333333333333333,0.3333333333333333,0.3333333333333333
67,67,0.3333333333333333,0.3333333333333333,0.3333333333333333,67,0.3333333333333333,0.3333333333333333,0.3333333333333333
68,68,0.3333333333333333,0.3333333333333333,0.3333333333333333,68,0.3333333333333333,0.3333333333333333,0.3333333333333333
69,69,0.3333333333333333,0.3333333333333333,0.3333333333333333,69,0.3333333333333333,0.3333333333333333,0.3333333333333333
70,70,0.3333333333333333,0.3333333333333333,0.3333333333333333,70,0.3333333333333333,0.3333333333333333,0.3333333333333333
71,71,0.3333333333333333,0.3333333333333333,0.3333333333333333,71,0.3333333333333333,0.3333333333333333,0.3333333333333333
72,72,0.3333333333333333,0.3333333333333333,0.3333333333333333,72,0.3333333333333333,0.3333333333333333,0.3333333333333333
73,73,0.3333333333333333,0.3333333333333333,0.3333333333333333,73,0.3333333333333333,0.3333333333333333,0.3333333333333333
74,74,0.3333333333333333,0.3333333333333333,0.3333333333333333,74,0.3333333333333333,0.3333333333333333,0.3333333333333333
75,75,0.3333333333333333,0.3333333333333333,0.3333333333333333,75,0.3333333333333333,0.3333333333333333,0.3333333333333333
76,76,0.3333333333333333,0.3333333333333333,0.3333333333333333,76,0.3333333333333333,0.3333333333333333,0.3333333333333333
77,77,0.3333333333333333,0.3333333333333333,0.3333333333333333,77,0.3333333333333333,0.3333333333333333,0.3333333333333333
78,78,0.3333333333333333,0.3333333333333333,0.3333333333333333,78,0.3333333333333333,0.3333333333333333,0.3333333333333333
79,79,0.3333333333333333,0.3333333333333333,0.3333333333333333,79,0.3333333333333333,0.3333333333333333,0.3333333333333333
80,80,0.3333333333333333,0.3333333333333333,0.3333333333333333,80,0.3333333333333333,0.3333333333333333,0.3333333333333333
81,81,0.3333333333333333,0.3333333333333333,0.3333333333333333,81,0.3333333333333333,0.3333333333333333,0.3333333333333333
82,82,0.3333333333333333,0.3333333333333333,0.3333333333333333,82,0.3333333333333333,0.3333333333333333,0.3333333333333333
83,83,0.3333333333333333,0.3333333333333333,0.3333333333333333,83,0.3333333333333333,0.3333333333333333,0.3333333333333333
84,84,0.3333333333333333,0.3333333333333333,0.3333333333333333,84,0.3333333333333333,0.3333333333333333,0.3333333333333333
85,85,0.3333333333333333,0.3333333333333333,0.3333333333333333,85,0.3333333333333333,0.3333333333333333,0.3333333333333333
86,86,0.3333333333333333,0.3333333333333333,0.3333333333333333,86,0.3333333333333333,0.3333333333333333,0.3333333333333333
87,87,0.3333333333333333,0.3333333333333333,0.3333333333333333,87,0.3333333333333333,0.3333333333333333,0.3333333333333333
88,88,0.3333333333333333,0.3333333333333333,0.3333333333333333,88,0.3333333333333333,0.3333333333333333,0.3333333333333333
89,89,0.3333333333333333,0.3333333333333333,0.3333333333333333,89,0.3333333333333333,0.3333333333333333,0.3333333333333333
90,90,0.3333333333333333,0.3333333333333333,0.3333333333333333,90,0.3333333333333333,0.3333333333333333,0.3333333333333333
91,91,0.3333333333333333,0.3333333333333333,0.3333333333333333,91,0.3333333333333333,0.3333333333333333,0.3333333333333333
92,92,0.3333333333333333,0.3333333333333333,0.3333333333333333,92,0.3333333333333333,0.3333333333333333,0.3333333333333333
93,93,0.3333333333333333,0.3333333333333333,0.3333333333333333,93,0.3333333333333333,0.3333333333333333,0.3333333333333333
94,94,0.3333333333333333,0.3333333333333333,0.3333333333333333,94,0.3333333333333333,0.3333333333333333,0.3333333333333333
95,95,0.3333333333333333,0.3333333333333333,0.3333333333333333,95,0.3333333333333333,0.3333333333333333,0.3333333333333333
96,96,0.3333333333333333,0.3333333333333333,0.3333333333333333,96,0.3333333333333333,0.3333333333333333,0.3333333333333333
97,97,0.3333333333333333,0.3333333333333333,0.3333333333333333,97,0.3333333333333333,0.3333333333333333,0.3333333333333333
98,98,0.3333333333333333,0.3333333333333333,0.3333333333333333,98,0.3333333333333333,0.3333333333333333,0.3333333333333333
99,99,0.3333333333333333,0.3333333333333333,0.3333333333333333,99,0.3333333333333333,0.3333333333333333,0.3333333333333333
100,100,0.3333333333333333,0.3333333333333333,0.3333333333333333,100,0.3333333333333333,0.3333333333333333,0.3333333333333333
101,101,0.3333333333333333,0.3333333333333333,0.3333333333333333,101,0.3333333333333333,0.3333333333333333,0.3333333333333333
102,102,0.3333333333333333,0.3333333333333333,0.3333333333333333,102,0.3333333333333333,0.3333333333333333,0.3333333333333333
103,103,0.3333333333333333,0.3333333333333333,0.3333333333333333,103,0.3333333333333333,0.3333333333333333,0.3333333333333333
104,104,0.3333333333333333,0.3333333333333333,0.3333333333333333,104,0.3333333333333333,0.3333333333333333,0.3333333333333333
105,105,0.3333333333333333,0.3333333333333333,0.3333333333333333,105,0.3333333333333333,0.3333333333333333,0.3333333333333333
106,106,0.3333333333333333,0.3333333333333333,0.3333333333333333,106,0.3333333333333333,0.3333333333333333,0.3333333333333333
107,107,0.3333333333333333,0.3333333333333333,0.3333333333333333,107,0.3333333333333333,0.3333333333333333,0.3333333333333333
108,108,0.3333333333333333,0.3333333333333333,0.3333333333333333,108,0.3333333333333333,0.3333333333333333,0.3333333333333333
109,109,0.3333333333333333,0.3333333333333333,0.3333333333333333,109,0.3333333333333333,0.3333333333333333,0.3333333333333333
110,110,0.3333333333333333,0.3333333333333333,0.3333333333333333,110,0.3333333333333333,0.3333333333333333,0.3333333333333333
111,111,0.3333333333333333,0.3333333333333333,0.3333333333333333,111,0.3333333333333333,0.3333333333333333,0.3333333333333333
112,112,0.3333333333333333,0.3333333333333333,0.3333333333333333,112,0.3333333333333333,0.3333333333333333,0.3333333333333333
113,113,0.3333333333333333,0.3333333333333333,0.3333333333333333,113,0.3333333333333333,0.3333333333333333,0.3333333333333333
114,114,0.3333333333333333,0.3333333333333333,0.3333333333333333,114,0.3333333333333333,0.3333333333333333,0.3333333333333333
115,115,0.3333333333333333,0.3333333333333333,0.3333333333333333,115,0.3333333333333333,0.3333333333333333,0.3333333333333333
116,116,0.3333333333333333,0.3333333333333333,0.3333333333333333,116,0.3333333333333333,0.3333333333333333,0.3333333333333333
117,117,0.3333333333333333,0.3333333333333333,0.3333333333333333,117,0.3333333333333333,0.3333333333333333,0.3333333333333333
118,118,0.3333333333333333,0.3333333333333333,0.3333333333333333,118,0.3333333333333333,0.3333333333333333,0.3333333333333333
119,119,0.3333333333333333,0.3333333333333333,0.3333333333333333,119,0.3333333333333333,0.3333333333333333,0.3333333333333333
120,120,0.3333333333333333,0.3333333333333333,0.3333333333333333,120,0.3333333333333333,0.3333333333333333,0.3333333333333333
121,121,0.3333333333333333,0.3333333333333333,0.3333333333333333,121,0.3333333333333333,0.3333333333333333,0.3333333333333333
122,122,0.3333333333333333,0.3333333333333333,0.3333333333333333,122,0.3333333333333333,0.3333333333333333,0.3333333333333333
123,123,0.3333333333333333,0.3333333333333333,0.3333333333333333,123,0.3333333333333333,0.3333333333333333,0.3333333333333333
124,124,0.3333333333333333,0.3333333333333333,0.3333333333333333,124,0.3333333333333333,0.3333333333333333,0.3333333333333333
125,125,0.3333333333333333,0.3333333333333333,0.3333333333333333,125,0.3333333333333333,0.3333333333333333,0.3333333333333333
126,126,0.3333333333333333,0.3333333333333333,0.3333333333333333,126,0.3333333333333333,0.3333333333333333,0.3333333333333333
127,127,0.3333333333333333,0.3333333333333333,0.3333333333333333,127,0.3333333333333333,0.3333333333333333,0.3333333333333333
128,128,0.3333333333333333,0.3333333333333333,0.3333333333333333,128,0.3333333333333333,0.3333333333333333,0.3333333333333333
129,129,0.3333333333333333,0.3333333333333333,0.3333333333333333,129,0.3333333333333333,0.3333333333333333,0.3333333333333333
130,130,0.3333333333333333,0.3333333333333333,0.3333333333333333,130,0.3333333333333333,0.3333333333333333,0.3333333333333333
131,131,0.3333333333333333,0.3333333333333333,0.3333333333333333,131,0.3333333333333333,0.3333333333333333,0.3333333333333333
132,132,0.3333333333333333,0.3333333333333333,0.3333333333333333,132,0.3333333333333333,0.3333333333333333,0.3333333333333333
133,133,0.3333333333333333,0.3333333333333333,0.3333333333333333,133,0.3333333333333333,0.3333333333333333,0.3333333333333333
134,134,0.3333333333333333,0.3333333333333333,0.3333333333333333,134,0.3333333333333333,0.3333333333333333,0.3333333333333333
135,135,0.3333333333333333,0.3333333333333333,0.3333333333333333,135,0.3333333333333333,0.3333333333333333,0.3333333333333333
136,136,0.3333333333333333,0.3333333333333333,0.3333333333333333,136,0.3333333333333333,0.3333333333333333,0.3333333333333333
137,137,0.3333333333333333,0.3333333333333333,0.3333333333333333,137,0.3333333333333333,0.3333333333333333,0.3333333333333333
138,138,0.3333333333333333,0.3333333333333333,0.3333333333333333,138,0.3333333333333333,0.3333333333333333,0.3333333333333333
139,139,0.3333333333333333,0.3333333333333333,0.3333333333333333,139,0.3333333333333333,0.3333333333333333,0.3333333333333333
140,140,0.3333333333333333,0.3333333333333333,0.3333333333333333,140,0.3333333333333333,0.3333333333333333,0.3333333333333333
141,141,0.3333333333333333,0.3333333333333333,0.3333333333333333,141,0.3333333333333333,0.3333333333333333,0.3333333333333333
142,142,0.3333333333333333,0.3333333333333333,0.3333333333333333,142,0.3333333333333333,0.3333333333333333,0.3333333333333333
143,143,0.3333333333333333,0.3333333333333333,0.3333333333333333,143,0.3333333333333333,0.3333333333333333,0.3333333333333333
144,144,0.3333333333333333,0.3333333333333333,0.3333333333333333,144,0.3333333333333333,0.3333333333333333,0.3333333333333333
145,145,0.3333333333333333,0.3333333333333333,0.3333333333333333,145,0.3333333333333333,0.3333333333333333,0.3333333333333333
146,146,0.3333333333333333,0.3333333333333333,0.3333333333333333,146,0.3333333333333333,0.3333333333333333,0.3333333333333333
147,147,0.3333333333333333,0.3333333333333333,0.3333333333333333,147,0.3333333333333333,0.3333333333333333,0.3333333333333333
148,148,0.3333333333333333,0.3333333333333333,0.3333333333333333,148,0.3333333333333333,0.3333333333333333,0.3333333333333333
149,149,0.3333333333333333,0.3333333333333333,0.3333333333333333,149,0.3333333333333333,0.3333333333333333,0.3333333333333333
150,150,0.3333333333333333,0.3333333333333333,0.3333333333333333,150,0.3333333333333333,0.3333333333333333,0.3333333333333333
151,151,0.3333333333333333,0.3333333333333333,0.3333333333333333,151,0.3333333333333333,0.3333333333333333,0.3333333333333333
152,152,0.3333333333333333,0.3333333333333333,0.3333333333333333,152,0.3333333333333333,0.3333333333333333,0.3333333333333333
153,153,0.3333333333333333,0.3333333333333333,0.3333333333333333,153,0.3333333333333333,0.3333333333333333,0.3333333333333333
154,154,0.3333333333333333,0.3333333333333333,0.3333333333333333,154,0.3333333333333333,0.3333333333333333,0.3333333333333333
155,155,0.3333333333333333,0.3333333333333333,0.3333333333333333,155,0.3333333333333333,0.3333333333333333,0.3333333333333333
156,156,0.3333333333333333,0.3333333333333333,0.3333333333333333,156,0.3333333333333333,0.3333333333333333,0.3333333333333333
157,157,0.3333333333333333,0.3333333333333333,0.3333333333333333,157,0.3333333333333333,0.3333333333333333,0.3333333333333333
158,158,0.3333333333333333,0.3333333333333333,0.3333333333333333,158,0.3333333333333333,0.3333333333333333,0.3333333333333333
159,159,0.3333333333333333,0.3333333333333333,0.3333333333333333,159,0.3333333333333333,0.3333333333333333,0.3333333333333333
160,160,0.3333333333333333,0.3333333333333333,0.3333333333333333,160,0.3333333333333333,0.3333333333333333,0.3333333333333333
161,161,0.3333333333333333,0.3333333333333333,0.3333333333333333,161,0.3333333333333333,0.3333333333333333,0.3333333333333333
162,162,0.3333333333333333,0.3333333333333333,0.3333333333333333,162,0.3333333333333333,0.3333333333333333,0.3333333333333333
163,163,0.3333333333333333,0.3333333333333333,0.3333333333333333,163,0.3333333333333333,0.3333333333333333,0.3333333333333333
164,164,0.3333333333333333,0.3333333333333333,0.3333333333333333,164,0.3333333333333333,0.3333333333333333,0.3333333333333333
165,165,0.3333333333333333,0.3333333333333333,0.3333333333333333,165,0.3333333333333333,0.3333333333333333,0.3333333333333333
166,166,0.3333333333333333,0.3333333333333333,0.3333333333333333,166,0.3333333333333333,0.3333333333333333,0.3333333333333333
167,167,0.3333333333333333,0.3333333333333333,0.3333333333333333,167,0.3333333333333333,0.3333333333333333,0.3333333333333333
168,168,0.3333333333333333,0.3333333333333333,0.3333333333333333,168,0.3333333333333333,0.3333333333333333,0.3333333333333333
169,169,0.3333333333333333,0.3333333333333333,0.3333333333333333,169,0.3333333333333333,0.3333333333333333,0.3333333333333333
170,170,0.3333333333333333,0.3333333333333333,0.3333333333333333,170,0.3333333333333333,0.3333333333333333,0.3333333333333333
171,171,0.3333333333333333,0.3333333333333333,0.3333333333333333,171,0.3333333333333333,0.3333333333333333,0.3333333333333333
172,172,0.3333333333333333,0.3333333333333333,0.3333333333333333,172,0.3333333333333333,0.3333333333333333,0.3333333333333333
173,173,0.3333333333333333,0.3333333333333333,0.3333333333333333,173,0.3333333333333333,0.3333333333333333,0.3333333333333333
174,174,0.3333333333333333,0.3333333333333333,0.3333333333333333,174,0.3333333333333333,0.3333333333333333,0.3333333333333333
175,175,0.3333333333333333,0.3333333333333333,0.3333333333333333,175,0.3333333333333333,0.3333333333333333,0.3333333333333333
176,176,0.3333333333333333,0.3333333333333333,0.3333333333333333,176,0.3333333333333333,0.3333333333333333,0.3333333333333333
177,177,0.3333333333333333,0.3333333333333333,0.3333333333333333,177,0.3333333333333333,0.3333333333333333,0.3333333333333333
178,178,0.3333333333333333,0.3333333333333333,0.3333333333333333,178,0.3333333333333333,0.3333333333333333,0.3333333333333333
179,179,0.3333333333333333,0.3333333333333333,0.3333333333333333,179,0.3333333333333333,0.3333333333333333,0.3333333333333333
180,180,0.3333333333333333,0.3333333333333333,0.3333333333333333,180,0.3333333333333333,0.3333333333333333,0.3333333333333333
181,181,0.3333333333333333,0.3333333333333333,0.3333333333333333,181,0.3333333333333333,0.3333333333333333,0.3333333333333333
182,182,0.3333333333333333,0.3333333333333333,0.3333333333333333,182,0.3333333333333333,0.3333333333333333,0.3333333333333333
183,183,0.3333333333333333,0.3333333333333333,0.3333333333333333,183,0.3333333333333333,0.3333333333333333,0.3333333333333333
184,184,0.3333333333333333,0.3333333333333333,0.3333333333333333,184,0.3333333333333333,0.3333333333333333,0.3333333333333333
185,185,0.3333333333333333,0.3333333333333333,0.3333333333333333,185,0.3333333333333333,0.3333333333333333,0.3333333333333333
186,186,0.3333333333333333,0.3333333333333333,0.3333333333333333,186,0.3333333333333333,0.3333333333333333,0.3333333333333333
187,187,0.3333333333333333,0.3333333333333333,0.3333333333333333,187,0.3333333333333333,0.3333333333333333,0.3333333333333333
188,188,0.3333333333333333,0.3333333333333333,0.3333333333333333,188,0.3333333333333333,0.3333333333333333,0.3333333333333333
189,189,0.3333333333333333,0.3333333333333333,0.3333333333333333,189,0.3333333333333333,0.3333333333333333,0.3333333333333333
190,190,0.3333333333333333,0.3333333333333333,0.3333333333333333,190,0.3333333333333333,0.3333333333333333,0.3333333333333333
191,191,0.3333333333333333,0.3333333333333333,0.3333333333333333,191,0.3333333333333333,0.3333333333333333,0.3333333333333333
192,192,0.3333333333333333,0.3333333333333333,0.3333333333333333,192,0.3333333333333333,0.3333333333333333,0.3333333333333333
193,193,0.3333333333333333,0.3333333333333333,0.3333333333333333,193,0.3333333333333333,0.3333333333333333,0.3333333333333333
194,194,0.3333333333333333,0.3333333333333333,0.3333333333333333,194,0.3333333333333333,0.3333333333333333,0.3333333333333333
195,195,0.3333333333333333,0.3333333333333333,0.3333333333333333,195,0.3333333333333333,0.3333333333333333,0.3333333333333333
196,196,0.3333333333333333,0.3333333333333333,0.3333333333333333,196,0.3333333333333333,0.3333333333333333,0.3333333333333333
197,197,0.3333333333333333,0.3333333333333333,0.3333333333333333,197,0.3333333333333333,0.3333333333333333,0.3333333333333333
198,198,0.3333333333333333,0.3333333333333333,0.3333333333333333,198,0.3333333333333333,0.3333333333333333,0.3333333333333333
199,199,0.3333333333333333,0.3333333333333333,0.3333333333333333,199,0.3333333333333333,0.3333333333333333,0.3333333333333333
200,200,0.3333333333333333,0.3333333333333333,0.3333333333333333,200,0.3333333333333333,0.3333333333333333,0.3333333333333333
201,201,0.3333333333333333,0.3333333333333333,0.3333333333333333,,,,
202,202,0.3333333333333333,0.3333333333333333,0.3333333333333333,,,,
203,203,0.3333333333333333,0.3333333333333333,0.3333333333333333,,,,
204,204,0.3333333333333333,0.3333333333333333,0.3333333333333333,,,,
205,205,0.3333333333333333,0.3333333333333333,0.3333333333333333,,,,
206,206,0.3333333333333333,0.3333333333333333,0.3333333333333333,,,,
207,207,0.3333333333333333,0.3333333333333333,0.3333333333333333,,,,
208,208,0.3333333333333333,0.3333333333333333,0.3333333333333333,,,,
209,209,0.3333333333333333,0.3333333333333333,0.3333333333333333,,,,
210,210,0.3333333333333333,0.3333333333333333,0.3333333333333333,,,,
211,211,0.3333333333333333,0.3333333333333333,0.3333333333333333,,,,
212,212,0.3333333333333333,0.3333333333333333,0.3333333333333333,,,,
213,213,0.3333333333333333,0.3333333333333333,0.3333333333333333,,,,
214,214,0.3333333333333333,0.3333333333333333,0.3333333333333333,,,,
215,215,0.3333333333333333,0.3333333333333333,0.3333333333333333,,,,
216,216,0.3333333333333333,0.3333333333333333,0.3333333333333333,,,,
217,217,0.3333333333333333,0.3333333333333333,0.3333333333333333,,,,
218,218,0.3333333333333333,0.3333333333333333,0.3333333333333333,,,,
219,219,0.3333333333333333,0.3333333333333333,0.3333333333333333,,,,
220,220,0.3333333333333333,0.3333333333333333,0.3333333333333333,,,,
221,221,0.3333333333333333,0.3333333333333333,0.3333333333333333,,,,
222,222,0.3333333333333333,0.3333333333333333,0.3333333333333333,,,,
223,223,0.3333333333333333,0.3333333333333333,0.3333333333333333,,,,
224,224,0.3333333333333333,0.3333333333333333,0.3333333333333333,,,,
225,225,0.3333333333333333,0.3333333333333333,0.3333333333333333,,,,
226,226,0.3333333333333333,0.3333333333333333,0.3333333333333333,,,,
227,227,0.3333333333333333,0.3333333333333333,0.3333333333333333,,,,
228,228,0.3333333333333333,0.3333333333333333,0.3333333333333333,,,,
229,229,0.3333333333333333,0.3333333333333333,0.3333333333333333,,,,
230,230,0.3333333333333333,0.3333333333333333,0.3333333333333333,,,,
231,231,0.3333333333333333,0.3333333333333333,0.3333333333333333,,,,
232,232,0.3333333333333333,0.3333333333333333,0.3333333333333333,,,,
233,233,0.3333333333333333,0.3333333333333333,0.3333333333333333,,,,
234,234,0.3333333333333333,0.3333333333333333,0.3333333333333333,,,,
235,235,0.3333333333333333,0.3333333333333333,0.3333333333333333,,,,
236,236,0.3333333333333333,0.3333333333333333,0.3333333333333333,,,,
237,237,0.3333333333333333,0.3333333333333333,0.3333333333333333,,,,
238,238,0.3333333333333333,0.3333333333333333,0.3333333333333333,,,,
239,239,0.3333333333333333,0.3333333333333333,0.3333333333333333,,,,
240,240,0.3333333333333333,0.3333333333333333,0.3333333333333333,,,,
241,241,0.3333333333333333,0.3333333333333333,0.3333333333333333,,,,
242,242,0.3333333333333333,0.3333333333333333,0.3333333333333333,,,,
243,243,0.3333333333333333,0.3333333333333333,0.3333333333333333,,,,
244,244,0.3333333333333333,0.3333333333333333,0.3333333333333333,,,,
245,245,0.3333333333333333,0.3333333333333333,0.3333333333333333,,,,
246,246,0.37421364504143806,0.36362268088176775,0.2621636740767942,,,,
247,247,0.4217080185394421,0.3754920096050596,0.20279997185549836,,,,
248,248,0.46530628321315093,0.38063047419628043,0.15406324259056853,,,,
249,249,0.5050972849972455,0.37973136024784243,0.1151713547549121,,,,
250,250,0.5411315386993991,0.37398294918331815,0.08488551211728276,,,,
251,251,0.5736767474232929,0.3645413953157226,0.06178185726098456,,,,
252,252,0.6031173582818646,0.3524319507394631,0.044450690978672366,,,,
253,253,0.6298753936291271,0.3385017725583158,0.03162283381255706,,,,
254,254,0.6543612816755084,0.3234124041179297,0.02222631420656195,,,,
255,255,0.6769584983348428,0.3076519343413239,0.015389567323833236,,,,
256,256,0.6982321855260841,0.2914732752145673,0.010294539259348673,,,,
257,257,0.7180804236787893,0.27506304425613315,0.006856532065077656,,,,
258,258,0.7367178021488205,0.25873068189617066,0.0045515159550087924,,,,
259,259,0.7542896673254036,0.24269765330600637,0.0030126793685899345,,,,
260,260,0.77089287911239,0.22711814016731294,0.0019889807202971245,,,,
261,261,0.786593222935467,0.2120967238446059,0.0013100532199271692,,,,
262,262,0.8014376988042915,0.19770129801032268,0.0008610031853858483,,,,
263,263,0.8154623990529827,0.18397287269856696,0.0005647282484503066,,,,
264,264,0.8286973234982593,0.17093298069829882,0.0003696958034419788,,,,
265,265,0.8411692863696644,0.1585891317597481,0.00024158187058757912,,,,
266,266,0.8529037166592803,0.14693868958106923,0.0001575937596504566,,,,
267,267,0.8639262109008208,0.13597115181850003,0.00010263728067924631,,,,
268,268,0.8742620019226393,0.1256712563090815,6.674176827931133e-05,,,,
269,269,0.8839368972186493,0.11601976662362146,4.333615772921761e-05,,,,
270,270,0.8929773578056894,0.10699454286381291,2.809933049761246e-05,,,,
271,271,0.9014104849718708,0.09857131942517534,1.8195602953866155e-05,,,,
272,272,0.9092639253791229,0.09072430687651044,1.1767744366613572e-05,,,,
273,273,0.9165657163180618,0.0834266820469393,7.601634998769161e-06,,,,
274,274,0.9233440943014934,0.07665100071215762,4.904986348979578e-06,,,,
275,275,0.9296272877316628,0.07036955061114894,3.161657188274757e-06,,,,
276,276,0.9354433100124868,0.06455465404164121,2.03594587204277e-06,,,,
277,277,0.9408197647863151,0.05917892537001388,1.3098436710526203e-06,,,,
278,278,0.9457836712123444,0.05421548680961357,8.419780420747812e-07,,,,
279,279,0.9503613113422967,0.04963814785942412,5.407982791464026e-07,,,,
280,280,0.9545781037246648,0.045421549181335126,3.47094000085318e-07,,,,
281,281,0.9584585021964569,0.04154127518617246,2.2261737066269553e-07,,,,
282,282,0.9620259187740565,0.037973938536181646,1.4268976177118112e-07,,,,
283,283,0.9653026688045687,0.034697239790653533,9.140477779404499e-08,,,,
284,284,0.9683099361380604,0.031690005341628885,5.852031079716698e-08,,,,
285,285,0.9710677559084736,0.028932206643912047,3.744761435032172e-08,,,,
286,286,0.9735950124891156,0.026404963559064267,2.3951820089656754e-08,,,,
287,287,0.9759094502653873,0.024090534421423476,1.5313189156056695e-08,,,,
288,288,0.9780276950073814,0.02197229520627638,9.786342218514654e-09,,,,
289,289,0.9799652838036468,0.020034709944387094,6.251966146155327e-09,,,,
290,290,0.981736701715761,0.018263294291534563,3.992704519262497e-09,,,,
291,291,0.9833554235221864,0.016644573928730422,2.549083122653603e-09,,,,
292,292,0.9848339591254786,0.015166039247556518,1.6269647898720006e-09,,,,
293,293,0.9861839013955102,0.013816097566340457,1.0381494264338632e-09,,,,
294,294,0.9874159754078007,0.01258402392992412,6.622753411137898e-10,,,,
295,295,0.9885400882075448,0.011459911370056138,4.2239913052637226e-10,,,,
296,296,0.989565378385017,0.010434621345630302,2.693526080621149e-10,,,,
297,297,0.9905002648861717,0.009499734942100397,1.7172774925909923e-10,,,,
298,298,0.9913524946036274,0.008647505286904469,1.0946812568671159e-10,,,,
299,299,0.9921291883985085,0.007870811531721407,6.977004959691892e-11,,,,
300,300,0.9928368852938448,0.007163114661693048,4.446212819650178e-11,,,,
301,301,0.9934815846566164,0.006518415315053023,2.8330652094387653e-11,,,,
302,302,0.9940687862494357,0.005931213732514508,1.8049817262602405e-11,,,,
303,303,0.9946035280856221,0.005396471902879306,1.1498557490390334e-11,,,,
304,304,0.9950904220643989,0.004909577928276713,7.324403310223428e-12,,,,
305,305,0.995533687397405,0.0044663125979298775,4.6651236349459966e-12,,,,
306,306,0.9959371818648477,0.004062818132181248,2.971114904026993e-12,,,,
307,307,0.9963044309605137,0.0036955690375941527,1.8921004695451044e-12,,,,
308,308,0.9966386550004933,0.0033613449983018137,1.2048700275927723e-12,,,,
309,309,0.9969427942817064,0.0030572057175264266,7.672025400574965e-13,,,,
310,310,0.9972195323839376,0.0027804676155739646,4.884903896930211e-13,,,,
311,311,0.9974713177137288,0.002528682285960294,3.1101426523730815e-13,,,,
312,312,0.997700383390733,0.0022996166090689723,1.980089549832998e-13,,,,
313,313,0.9979087655774814,0.0020912344223925805,1.2605827624980913e-13,,,,
314,314,0.998098320352365,0.0019016796475547024,8.024934974616254e-14,,,,
315,315,0.9982707392233464,0.00172926077660246,5.108539753914629e-14,,,,
316,316,0.998427563376756,0.00157243662321144,3.251909652897396e-14,,,,
317,317,0.998570196751761,0.0014298032482183743,2.0699879868790494e-14,,,,
318,318,0.9986999180268893,0.0013000819730975212,1.3176071757751417e-14,,,,
319,319,0.9988178916005245,0.0011821083994670736,8.386753199388341e-15,,,,
320,320,0.9989251776426685,0.0010748223573260169,5.338171007329936e-15,,,,
321,321,0.9990227412906166,0.0009772587093799794,3.3976813658384978e-15,,,,
322,322,0.9991114610565588,0.0008885389434390931,2.162544861126664e-15,,,,
323,323,0.9991921365105965,0.0008078634894022505,1.3763871487437232e-15,,,,
324,324,0.9992654952982633,0.0007345047017359778,8.760113469003727e-16,,,,
325,325,0.9993321995474191,0.0006678004525803274,5.575361978553835e-16,,,,
326,326,0.9993928517153532,0.0006071482846464939,3.548388354601309e-16,,,,
327,327,0.9994479999231026,0.0005520000768971222,2.2583145716486753e-16,,,,
328,328,0.9994981428203872,0.0005018571796126542,1.43725350756729e-16,,,,
329,329,0.9995437340211571,0.00045626597884274093,9.146993297684545e-17,,,,
330,330,0.9995851861465782,0.0004148138534217973,5.821296854710039e-17,,,,
331,331,0.9996228745093038,0.0003771254906961866,3.704741075121796e-17,,,,
332,332,0.9996571404701264,0.0003428595298735524,2.3577241908022457e-17,,,,
333,333,0.9996882944955298,0.00031170550447023074,1.5004634935114016e-17,,,,
334,334,0.9997166189422906,0.0002833810577094201,9.548945350212449e-18,,,,
335,335,0.9997423705930795,0.00025762940692043934,6.076914777492299e-18,,,,
336,336,0.9997657829649821,0.00023421703501798393,3.8673087925850545e-18,,,,
337,337,0.99978706841099,0.00021293158900993303,2.4611195282249483e-18,,,,
338,338,0.999806420032797,0.00019357996720307535,1.5662276310209982e-18,,,,
339,339,0.999824013421642,0.00017598657835802422,9.96725405559605e-19,,,,
340,340,0.9998400082425029,0.00015999175749722476,6.343001080655016e-19,,,,
341,341,0.9998545496755974,0.00014545032440256523,4.0365727062276005e-19,,,,
342,342,0.9998677697279393,0.00013223027206055326,2.568796050084172e-19,,,,
343,343,0.9998797884265683,0.00012021157343168765,1.6347277161551628e-19,,,,
344,344,0.9998907149040556,0.0001092850959444762,1.0403040226901042e-19,,,,
345,345,0.999900648385949,9.935161405096337e-05,6.62024811929343e-20,,,,
346,346,0.9999096790889634,9.032091103660888e-05,4.212961309144402e-20,,,,
347,347,0.9999178890379405,8.211096205940443e-05,2.6810194297023355e-20,,,,
348,348,0.9999253528088927,7.464719110728248e-05,1.7061287585750555e-20,,,,
349,349,0.9999321382047852,6.786179521477144e-05,1.0857330448937699e-20,,,,
350,350,0.9999383068701253,6.169312987469274e-05,6.909295584187455e-21,,,,
351,351,0.9999439148498768,5.608515012327909e-05,4.396873810342291e-21,,,,
352,352,0.9999490130977281,5.098690227185849e-05,2.7980391555809676e-21,,,,
353,353,0.9999536479382907,4.6352061709281734e-05,1.780586888081247e-21,,,,
354,354,0.9999578614873896,4.213851261033153e-05,1.1331103020820111e-21,,,,
355,355,0.9999616920342401,3.83079657598958e-05,7.210757201001139e-22,,,,
356,356,0.9999651743889562,3.482561104388695e-05,4.588695653333756e-22,,,,
357,357,0.9999683401985314,3.165980146865385e-05,2.92009755323458e-22,,,,
358,358,0.9999712182341464,2.8781765853628302e-05,1.8582546007962672e-22,,,,
359,359,0.9999738346524004,2.616534759961512e-05,1.182531847118463e-22,,,,
360,360,0.9999762132328304,2.378676716970718e-05,7.525238485795017e-23,,,,
361,361,0.9999783755938667,2.1624406133327234e-05,4.788808851209632e-23,,,,
362,362,0.9999803413891818,1.9658610818232678e-05,3.04743580355329e-23,,,,
363,363,0.9999821284862078,1.7871513792173573e-05,1.9392842654685818e-23,,,,
364,364,0.9999837531284432,1.6246871556824676e-05,1.2340939996744357e-23,,,,
365,365,0.999985230083017,1.4769916983039855e-05,7.85334866579768e-24,,,,
366,366,0.9999865727748503,1.3427225149698571e-05,4.9975989438879266e-24,,,,
367,367,0.9999877934086304,1.2206591369611371e-05,3.180298006079269e-24,,,,
368,368,0.9999889030797038,1.1096920296202563e-05,2.0238304983918782e-24,,,,
369,369,0.999989911874895,1.0088125104976089e-05,1.287894735491336e-24,,,,
370,370,0.999990828964165,9.171035834990468e-06,8.195708813576346e-25,,,,
371,371,0.9999916626839415,8.337316058536502e-06,5.215459765361073e-25,,,,
372,372,0.9999924206128773,7.579387122670225e-06,3.318933975930005e-25,,,,
373,373,0.9999931096407251,6.8903592748803124e-06,2.112051806210198e-25,,,,
374,374,0.9999937360309523,6.26396904757988e-06,1.3440346524744456e-25,,,,
375,375,0.9999943054776671,5.694522332868813e-06,8.55295753577777e-26,,,,
376,376,0.9999948231573694,5.1768426306247105e-06,5.442796798082691e-26,,,,
377,377,0.999995293776,4.706223999913667e-06,3.4636012246275146e-26,,,,
378,378,0.9999957216117136,4.278388286389178e-06,2.2041117574513582e-26,,,,
379,379,0.9999961105537628,3.889446237153604e-06,1.4026176647139754e-26,,,,
380,380,0.9999964641378501,3.535862149842402e-06,8.925755091606894e-27,,,,
381,381,0.9999967855782653,3.2144217347752024e-06,5.6800296213658844e-27,,,,
382,382,0.9999970777971019,2.922202898190013e-06,3.614566418381314e-27,,,,
383,383,0.9999973434508189,2.6565491811011835e-06,2.3001798527840334e-27,,,,
384,384,0.9999975849543876,2.415045612438154e-06,1.4637515228746205e-27,,,,
385,385,0.9999978045032429,2.195496757048874e-06,9.314786511079688e-28,,,,
386,386,0.9999980040932409,1.995906759087582e-06,5.927593783871888e-28,,,,
387,387,0.9999981855388006,1.8144611994320513e-06,3.772106504953806e-28,,,,
388,388,0.9999983504893978,1.6495106022546378e-06,2.4004322046686574e-28,,,,
389,389,0.9999985004445592,1.4995554408538782e-06,1.5275482250355595e-28,,,,
390,390,0.9999986367674936,1.363232506474894e-06,9.720764084110499e-29,,,,
391,391,0.9999987606974837,1.2393025162308973e-06,6.185942315051654e-29,,,,
392,392,0.9999988733611525,1.126638847497091e-06,3.936509633527477e-29,,,,
393,393,0.9999989757827036,1.0242172963842933e-06,2.505052098451528e-29,,,,
394,394,0.9999990688932328,9.311067672056426e-07,1.5941243597053707e-29,,,,
395,395,0.9999991535391917,8.464608083101459e-07,1.0144429462076908e-29,,,,
396,396,0.9999992304900827,7.695099173484911e-07,6.455547015494044e-30,,,,
397,397,0.9999993004454539,6.995545460292294e-07,4.108075948637463e-30,,,,
398,398,0.9999993640412592,6.359587407806578e-07,2.6142304818593854e-30,,,,
